actual_G =

     5    -6    -2     1     1     1     0     0     0     0     0     0     0     0     0     0     0     0     0     0     0     0     0     0     0     0     0     0     0
    -6    19     1    -5    -6    -4     1     0     0     0     0     0     0     0     0     0     0     0     0     0     0     0     0     0     0     0     0     0     0
    -2     1     1     0     0     0     0     0     0     0     0     0     0     0     0     0     0     0     0     0     0     0     0     0     0     0     0     0     0
     1    -5     0     4     1     0     0     0     0     0     0    -1     0     0     0     0     0     0     0     0     0     0     0     0     0     0     0     0     0
     1    -6     0     1     5     1    -2     0     0     0     0     0     0     0     0     0     0     0     0     0     0     0     0     0     0     0     0     0     0
     1    -4     0     0     1     5     0     0    -2    -6     1     0     0     0     0     0     1     0     0     1     1     1     0     0     0     0     0     0     0
     0     1     0     0    -2     0     1     0     0     0     0     0     0     0     0     0     0     0     0     0     0     0     0     0     0     0     0     0     0
     0     0     0     0     0     0     0     0     0     0     0     0     0     0     0     0     0     0     0     0     0     0     0     0     0     0     0     0     0
     0     0     0     0     0    -2     0     0    12    -9    -5     0     0     0     0     0     1     0     0     1     1     1     0     0     0     0     0     0     0
     0     0     0     0     0    -6     0     0    -9    41     1     0     0     0     0     0    -7     0     0    -7    -7    -6     0     0     0     0     0     0     0
     0     0     0     0     0     1     0     0    -5     1     3     0     0     0     0     0     0     0     0     0     0     0     0     0     0     0     0     0     0
     0     0     0    -1     0     0     0     0     0     0     0     3    -1    -1     0     0     0     0     0     0     0     0     0     0     0     0     0     0     0
     0     0     0     0     0     0     0     0     0     0     0    -1     1     0     0     0     0     0     0     0     0     0     0     0     0     0     0     0     0
     0     0     0     0     0     0     0     0     0     0     0    -1     0     2    -1     0     0     0     0     0     0     0     0     0     0     0     0     0     0
     0     0     0     0     0     0     0     0     0     0     0     0     0    -1     1     0     0     0     0     0     0     0     0     0     0     0     0     0     0
     0     0     0     0     0     0     0     0     0     0     0     0     0     0     0     0     0     0     0     0     0     0     0     0     0     0     0     0     0
     0     0     0     0     0     1     0     0     1    -7     0     0     0     0     0     0     2     0     0     1     1     1     0     0     0     0     0     0     0
     0     0     0     0     0     0     0     0     0     0     0     0     0     0     0     0     0     1    -1     0     0     0     0     0     0     0     0     0     0
     0     0     0     0     0     0     0     0     0     0     0     0     0     0     0     0     0    -1     2    -1     0     0     0     0     0     0     0     0     0
     0     0     0     0     0     1     0     0     1    -7     0     0     0     0     0     0     1     0    -1     3     1     1     0     0     0     0     0     0     0
     0     0     0     0     0     1     0     0     1    -7     0     0     0     0     0     0     1     0     0     1     2     1     0     0     0     0     0     0     0
     0     0     0     0     0     1     0     0     1    -6     0     0     0     0     0     0     1     0     0     1     1     2     0    -1     0     0     0     0     0
     0     0     0     0     0     0     0     0     0     0     0     0     0     0     0     0     0     0     0     0     0     0     0     0     0     0     0     0     0
     0     0     0     0     0     0     0     0     0     0     0     0     0     0     0     0     0     0     0     0     0    -1     0     1     0     0     0     0     0
     0     0     0     0     0     0     0     0     0     0     0     0     0     0     0     0     0     0     0     0     0     0     0     0     2    -1    -1     0     0
     0     0     0     0     0     0     0     0     0     0     0     0     0     0     0     0     0     0     0     0     0     0     0     0    -1     1     0     0     0
     0     0     0     0     0     0     0     0     0     0     0     0     0     0     0     0     0     0     0     0     0     0     0     0    -1     0     3    -1    -1
     0     0     0     0     0     0     0     0     0     0     0     0     0     0     0     0     0     0     0     0     0     0     0     0     0     0    -1     1     0
     0     0     0     0     0     0     0     0     0     0     0     0     0     0     0     0     0     0     0     0     0     0     0     0     0     0    -1     0     1


edges =

     1     4
     1     6
     1     7
     2     5
     2     8
     3     4
     3     5
     4     6
     4     7
     4     9
     5     8
     7     8


B =

       10.352      0.45334      0.37372      0.50013      0.51192      0.35863      0.80512       0.5855      0.58035       0.4013
      0.45334       10.054      0.66254      0.43149      0.94795      0.52028      0.59544      0.25952      0.20082      0.34514
      0.37372      0.66254       10.311      0.37876     0.085141      0.39191      0.30696       0.7784      0.46545      0.78467
      0.50013      0.43149      0.37876       10.913      0.46364      0.54481       0.5258      0.97046      0.24104      0.22904
      0.51192      0.94795     0.085141      0.46364       10.817      0.50712      0.24312      0.44532      0.17816      0.42155
      0.35863      0.52028      0.39191      0.54481      0.50712       10.136      0.47263      0.53448      0.34092      0.15697
      0.80512      0.59544      0.30696       0.5258      0.24312      0.47263        10.24      0.23052      0.56298      0.44453
       0.5855      0.25952       0.7784      0.97046      0.44532      0.53448      0.23052         10.9      0.66269      0.42146
      0.58035      0.20082      0.46545      0.24104      0.17816      0.34092      0.56298      0.66269       10.575      0.35376
       0.4013      0.34514      0.78467      0.22904      0.42155      0.15697      0.44453      0.42146      0.35376       10.451


G =

    63     9     6    21     4
     9     9     0     0     0
     6     0    73     0     8
    21     0     0     9     0
     4     0     8     0    17


flagC =

     1     2     3     4     5     1     2     1     3     5     1     4     1     3     5

flagV =

    63     9     6    21     4     9     9     6    73     8    21     9     4     8    17

flagT =

     1     6     8    11    13    16





